tv,Ts,nparticles
0.5065430076039904,1,1024
0.49292197659083764,2,1024
0.48780959729496665,3,1024
0.48601148102267533,4,1024
0.485616199471721,5,1024
0.48322094219009304,6,1024
0.4801425428640217,7,1024
0.47720179702864296,8,1024
0.4745443456547668,9,1024
0.4713673973388904,10,1024
0.46910975554190437,11,1024
0.46732312924925506,12,1024
0.4658423699047215,13,1024
0.46382915704379674,14,1024
0.46141364699321813,15,1024
0.4591596953200276,16,1024
0.4575606827770091,17,1024
0.45558243944377086,18,1024
0.45495773495403735,19,1024
0.45368483759747563,20,1024
0.4524060765413475,21,1024
0.4510051788968769,22,1024
0.44991599621640893,23,1024
0.4488152023174197,24,1024
0.4476595910606674,25,1024
0.44651317538817964,26,1024
0.4456825764596888,27,1024
0.44484359033583953,28,1024
0.4437076119404222,29,1024
0.44253636503655636,30,1024
0.4414386751789769,31,1024
0.4402684647089392,32,1024
0.4390592293358245,33,1024
0.43791541070029616,34,1024
0.4370632224695434,35,1024
0.43625581950091297,36,1024
0.4354991196998188,37,1024
0.43493348806301874,38,1024
0.4342432517111278,39,1024
0.43365472908114827,40,1024
0.4330917729948397,41,1024
0.43250870160422916,42,1024
0.4322545576477048,43,1024
0.43227962055031527,44,1024
0.43236243980744465,45,1024
0.43239349181006814,46,1024
0.4325290640411587,47,1024
0.4325103715242472,48,1024
0.43213557216913434,49,1024
0.43178306781078996,50,1024
0.4313976969077553,51,1024
0.4308037950889101,52,1024
0.4303331135801544,53,1024
0.42993844675239157,54,1024
0.429595105912322,55,1024
0.4292401754711907,56,1024
0.428946901268836,57,1024
0.42864722033199965,58,1024
0.42825532954708057,59,1024
0.4278163681308528,60,1024
0.4273832935716893,61,1024
0.4269894404536532,62,1024
0.4265895253016261,63,1024
0.42608120257250476,64,1024
0.4254309489637271,65,1024
0.4245722658679199,66,1024
0.423656922577983,67,1024
0.42292328936570955,68,1024
0.4221759718049991,69,1024
0.42141480325723407,70,1024
0.420668132644427,71,1024
0.420099962259704,72,1024
0.419626133670234,73,1024
0.419029519542081,74,1024
0.41853477178399096,75,1024
0.4182208976124049,76,1024
0.4179545872741834,77,1024
0.4177884927687724,78,1024
0.41764836191153315,79,1024
0.4175129537289114,80,1024
0.4172796183753551,81,1024
0.41702185845467743,82,1024
0.4167418022848774,83,1024
0.41645619977819287,84,1024
0.4162437663318007,85,1024
0.4160123647543647,86,1024
0.4157787177179254,87,1024
0.41553908888421676,88,1024
0.41529847791752855,89,1024
0.41495118670716485,90,1024
0.41449280889845885,91,1024
0.4140652827671298,92,1024
0.4136458395346321,93,1024
0.4132612847133311,94,1024
0.4128444625023557,95,1024
0.4122578475284332,96,1024
0.41168523313970523,97,1024
0.41108342345813853,98,1024
0.41064495428103487,99,1024
0.41018174932368406,100,1024
0.409755263843622,101,1024
0.40940634554660166,102,1024
0.40913057611922155,103,1024
0.40888587795063863,104,1024
0.40864490421722277,105,1024
0.4083586941556875,106,1024
0.4080816154031756,107,1024
0.4078649833416313,108,1024
0.4076051076480823,109,1024
0.40735586028376697,110,1024
0.4071063246731061,111,1024
0.4068591166985142,112,1024
0.40653047566455597,113,1024
0.406223576011386,114,1024
0.4058144758884258,115,1024
0.40538312207838634,116,1024
0.404846943802312,117,1024
0.40428278059248135,118,1024
0.40363391760758216,119,1024
0.4030031253001814,120,1024
0.4023171933046005,121,1024
0.40167449649545056,122,1024
0.40108793691385786,123,1024
0.40060245699861896,124,1024
0.40008456887300636,125,1024
0.3995215903680829,126,1024
0.3989998678798568,127,1024
0.3984314749179678,128,1024
0.39782897032274245,129,1024
0.39718368505092694,130,1024
0.39660695948560637,131,1024
0.39603335252595895,132,1024
0.39551529884191605,133,1024
0.39504677069425864,134,1024
0.3946796825295223,135,1024
0.3942640962697862,136,1024
0.3937923982199518,137,1024
0.39333799976946937,138,1024
0.3928650429300697,139,1024
0.3923437435838477,140,1024
0.3917641243077671,141,1024
0.3912059145943853,142,1024
0.3906991117146903,143,1024
0.3901688004339274,144,1024
0.38964192134253073,145,1024
0.38909298600007625,146,1024
0.3885845660778466,147,1024
0.3880568455855294,148,1024
0.3875427704890606,149,1024
0.38695812999438656,150,1024
0.38647268693765224,151,1024
0.38592930625070754,152,1024
0.3853635532884606,153,1024
0.3847714028446516,154,1024
0.38420549712037266,155,1024
0.3836953891325774,156,1024
0.3832103916778475,157,1024
0.38270734262747064,158,1024
0.38220198395339683,159,1024
0.38170432775878893,160,1024
0.3811647692706321,161,1024
0.38061061477371894,162,1024
0.38004711564753696,163,1024
0.37948080217830604,164,1024
0.37891220983568125,165,1024
0.37834649969212564,166,1024
0.37784050706093014,167,1024
0.3773311729470379,168,1024
0.3768420549601788,169,1024
0.3763663621082662,170,1024
0.3759364257026043,171,1024
0.3755272633333689,172,1024
0.3751231327177029,173,1024
0.3746915024109615,174,1024
0.3742808375481585,175,1024
0.3738845841729839,176,1024
0.37351271830355337,177,1024
0.37310255627089917,178,1024
0.3727247503892083,179,1024
0.3723422740822276,180,1024
0.3719635076891664,181,1024
0.37152349544809515,182,1024
0.37111821322478833,183,1024
0.370710987072176,184,1024
0.37030550034320026,185,1024
0.36993910600126595,186,1024
0.36964525854264024,187,1024
0.36933093189134236,188,1024
0.3690214535363939,189,1024
0.3687475811048456,190,1024
0.36842500108804016,191,1024
0.3681086290438217,192,1024
0.3677276000651608,193,1024
0.36735283950476194,194,1024
0.3669643455234782,195,1024
0.36655704843344644,196,1024
0.36610011318992547,197,1024
0.3655928773220799,198,1024
0.36508139442105514,199,1024
0.3645797972059297,200,1024
0.3640464696956094,201,1024
0.363539765813759,202,1024
0.3630265066254158,203,1024
0.3624722475619888,204,1024
0.36187109198160056,205,1024
0.36128506952350825,206,1024
0.36070186581108793,207,1024
0.36011444283713373,208,1024
0.35950371222371164,209,1024
0.3589902243163659,210,1024
0.3584406804341086,211,1024
0.35792979268554814,212,1024
0.35742478786687704,213,1024
0.35693039401659715,214,1024
0.3565067759056163,215,1024
0.3560869412304195,216,1024
0.3556958991786329,217,1024
0.35531591812502583,218,1024
0.3548978512429936,219,1024
0.3544420692001951,220,1024
0.35400114983980124,221,1024
0.3535102700524005,222,1024
0.3530404941130914,223,1024
0.35262597737256507,224,1024
0.3522582629964842,225,1024
0.35188683956631495,226,1024
0.3515267568368865,227,1024
0.35115601051074097,228,1024
0.35075202733733263,229,1024
0.35034417061917106,230,1024
0.34995536452130166,231,1024
0.34961235451722505,232,1024
0.349276481982107,233,1024
0.3489623951502843,234,1024
0.3486477932242538,235,1024
0.34835390398763455,236,1024
0.3480595133081467,237,1024
0.34775301557645066,238,1024
0.3474649303998804,239,1024
0.3471828661186919,240,1024
0.3469028395577114,241,1024
0.3466392718774159,242,1024
0.3464052444915621,243,1024
0.3461927235484792,244,1024
0.34598320441928676,245,1024
0.34578981949809146,246,1024
0.34560880523264004,247,1024
0.34543271096942746,248,1024
0.34523604140888337,249,1024
0.3450410198889443,250,1024
0.3448448509101505,251,1024
0.3446940754700705,252,1024
0.3445458697486889,253,1024
0.3443925210823421,254,1024
0.34425000331144573,255,1024
0.3440839445331552,256,1024
0.343888931210621,257,1024
0.3436746961406124,258,1024
0.3434555327349208,259,1024
0.34330497064774507,260,1024
0.343165335234378,261,1024
0.3430172155745946,262,1024
0.34283227646613024,263,1024
0.3426171304832106,264,1024
0.3423567808655722,265,1024
0.3420969196096904,266,1024
0.34185861854458177,267,1024
0.34163618363569914,268,1024
0.3414242435451812,269,1024
0.34120795112457175,270,1024
0.34098617171040374,271,1024
0.3407911135760974,272,1024
0.3405856490600694,273,1024
0.34038612047212885,274,1024
0.34017598974141416,275,1024
0.33998216855349167,276,1024
0.33976286760047414,277,1024
0.3395526162091552,278,1024
0.3393088287761475,279,1024
0.33908110066648756,280,1024
0.3387947252585977,281,1024
0.33852615137179204,282,1024
0.3382779786356786,283,1024
0.33801218336227934,284,1024
0.33772874380725193,285,1024
0.3374853601661281,286,1024
0.33720739456886645,287,1024
0.33691196707914073,288,1024
0.33662755789603105,289,1024
0.33639002753750546,290,1024
0.3361512271922504,291,1024
0.33589088575415177,292,1024
0.335620200562067,293,1024
0.33529706024907746,294,1024
0.3349832562296481,295,1024
0.33471815725456755,296,1024
0.33448778832840614,297,1024
0.33427316097183907,298,1024
0.33399392886858315,299,1024
0.33368283034674745,300,1024
0.3333351369476264,301,1024
